0 0.38627630494209714 0.47890625 0.20158172247985356 0.271875
0 0.5487899404807166 0.4765625 0.20631467427525152 0.2796875
0 0.32976670882748094 0.6578125 0.20013739714788858 0.2921875
0 0.48531272687965765 0.64453125 0.19839308996629618 0.2609375
0 0.6525593142136752 0.634375 0.21106580678880887 0.290625
0 0.4208997271742453 0.8390625 0.1920703670936593 0.2484375
0 0.2567099621471306 0.8609375 0.195295361043535 0.265625
0 0.7383053957921561 0.8015625 0.19208854781181833 0.2515625
0 0.5795389289696434 0.83125 0.18903627068445542 0.2640625
0 0.18189124844787588 0.9640625 0.16916815651766243 0.071875
0 0.34755715506373414 0.95703125 0.17237496974937905 0.0859375
0 0.5061918116795925 0.95 0.16776928298109545 0.1
0 0.8368514592202644 0.9171875 0.1787613251355733 0.109375
0 0.6703088538340701 0.940625 0.17402837334017515 0.1015625
0 0.44680578054520864 0.28046875 0.20008285499341075 0.2828125