0 0.6182530127876195 0.4918946677341481 0.16547150565734087 0.24314198770335976
0 0.46580017847866406 0.5097583577238853 0.17019536709365912 0.2494192587805987
0 0.6923212509819587 0.6524872549699697 0.1624555899662962 0.26187380698520074
0 0.5446240943661003 0.6586594660369458 0.1638453731437835 0.23219539734428024
0 0.38830137149346344 0.670250430128984 0.17337490924813698 0.25881243949875793
0 0.6287758596878026 0.831811140606785 0.1590851502711466 0.21966812626704132
0 0.7834679048673424 0.8319298361556671 0.16230105386194255 0.23531130698520072
0 0.3279537030719443 0.8370924964839587 0.15910333098930565 0.22279312626704134
0 0.47947529645608605 0.8450055113146815 0.1544885538619427 0.23526585518980242
0 0.8695185134749905 0.9468583819243822 0.1506181444174139 0.10628323615123562
0 0.7116741972182119 0.9506893760215517 0.15526928298109546 0.0986212479568966
0 0.5632139713205128 0.9529987767345796 0.1505636022629364 0.0940024465308408
0 0.24912420024327395 0.9567590601084586 0.15988406010845857 0.08648187978308286
0 0.4069276098841943 0.9587851684215192 0.15674087939029935 0.08242966315696165
0 0.5372580637226958 0.3132924238824681 0.16396354781181835 0.25250789734428025