0 0.6611308591968232 0.5000428473911624 0.19374195140261463 0.26830561416679294
0 0.4986126784786641 0.5041132447354426 0.19847490319801278 0.27614538524403187
0 0.7218178534412867 0.6770275282075175 0.19073512607064966 0.2885999334486339
0 0.5656133052366847 0.6701240641154793 0.19055331888905727 0.2573499334486337
0 0.39845307631392357 0.6664092325369985 0.20321694535249044 0.2855476563212706
0 0.6348167814289714 0.8603399979568966 0.1842305960164204 0.24481357201231546
0 0.7988156489154141 0.8703230102535366 0.18739195745273882 0.2510817527304745
0 0.31621222717424524 0.8371944312091385 0.1858112767345796 0.24794766237139498
0 0.47544632660851127 0.8604859645830174 0.17963399960721665 0.2604113009350762
0 0.8755821611138582 0.9690917874790955 0.15967498184962742 0.05248971662612121
0 0.7091986370115574 0.9661536607210749 0.1675329336450254 0.060347668421519174
0 0.5521946580887962 0.9623797418085764 0.16289997579950324 0.06969539734428025
0 0.22106283275683128 0.9439943979334554 0.17390110831306052 0.08069652985783762
0 0.38893158880695544 0.9602046843323965 0.169177246876742 0.0744192587805987
0 0.5950841992613153 0.30433998283158603 0.192243083916172 0.27923402380771345