0 0.37224245806808776 0.5015625 0.19992946403563466 0.2625
0 0.5268390514003606 0.49375 0.204707870703362 0.2703125
0 0.3273674047580867 0.6734375 0.20014764003818009 0.28125
0 0.47480547875554135 0.6546875 0.1966953760343621 0.253125
0 0.6340077560868597 0.63984375 0.21106695870463454 0.2796875
0 0.42307189811422197 0.84140625 0.19184424403245295 0.2390625
0 0.2686843901177219 0.8671875 0.19515105736790747 0.2546875
0 0.7225355487746313 0.7953125 0.19188060669954404 0.2421875
0 0.5736986067790857 0.828125 0.18733855736790747 0.2546875
0 0.20342356413108487 0.965625 0.16642497867599956 0.06875
0 0.3619082261298122 0.95625 0.16820565467854492 0.0875
0 0.5102275474617668 0.94609375 0.1653170120146356 0.1078125
0 0.8230542641231307 0.90703125 0.17485564401654444 0.121875
0 0.6671406187937214 0.9359375 0.17007723734881744 0.1140625
0 0.4208055853755435 0.3109375 0.20003855203690737 0.271875