0 0.375197904376363 0.5053248668972674 0.19683058996629618 0.26207379488495236
0 0.5283683561717611 0.49840322208707005 0.20155445140261463 0.2683510659621911
0 0.327327510057145 0.6761459061248789 0.19693967427525153 0.28082379488495235
0 0.4743115943661004 0.658250399878363 0.19364195745273882 0.25111811416679297
0 0.6306524979568966 0.6435344357863249 0.207868083916172 0.27932492739850956
0 0.4193281368151657 0.8430930324901162 0.18731923458010194 0.2385817527304745
0 0.2668389410698918 0.8672067224798535 0.19209763817089803 0.2542340238077131
0 0.7172525524080144 0.7987309958947835 0.18889991529826117 0.24171584308955402
0 0.5694054048673424 0.8306844569617595 0.18428513817089803 0.2541885720123155
0 0.20141340808879624 0.9659886143631848 0.16446247579950315 0.0680227712736304
0 0.357717950243274 0.9570635871376257 0.16769656010845857 0.08587282572474848
0 0.5038707875772914 0.9473391291939077 0.16312723477649377 0.10532174161218463
0 0.8150400917338217 0.9110224385167992 0.17101245764913067 0.12130334913967858
0 0.6594077152703886 0.9382429477883774 0.16785109621281222 0.11503516842151917
0 0.42629783782499686 0.3165532583878153 0.19688513212077385 0.27144879488495216